T=0,flag=1,k=1,r=5,lamada=0.001,equalvalue=0.001,len=5,acc=0.6666666666666666,idx=[ 6  0  3 12 11  8  5  1  7  4  2 10  9],w=[0.999929   0.99969944 0.99966452 0.99970912 0.9996866  0.99969944
 1.         0.99969178 0.99969944 0.99958269 0.99961593 0.99969944
 0.99969944],subset=[1. 1. 0. 0. 0. 0. 1. 1. 0. 1. 0. 0. 0.], data_name=heart
T=0,flag=1,k=3,r=5,lamada=0.001,equalvalue=0.001,len=6,acc=0.6851851851851852,idx=[ 1  0  6 12  7 11  5  3  8  2  9 10  4],w=[0.99992763 1.         0.99974089 0.99978439 0.99970752 0.99979452
 0.99989471 0.99982676 0.9997726  0.99973988 0.99972517 0.99979452
 0.99989141],subset=[0. 1. 1. 0. 0. 1. 1. 0. 1. 0. 0. 0. 1.], data_name=heart
T=0,flag=1,k=5,r=5,lamada=0.001,equalvalue=0.001,len=9,acc=0.7592592592592593,idx=[ 0 12  6  1  7  3  4 11  5  9  2 10  8],w=[1.         0.9999354  0.9998577  0.99990584 0.99989361 0.9998789
 0.99999121 0.99990814 0.99972819 0.99986308 0.99982474 0.9998789
 0.99999135],subset=[1. 1. 1. 1. 0. 0. 1. 0. 1. 1. 0. 1. 1.], data_name=heart
T=0,flag=1,k=7,r=5,lamada=0.001,equalvalue=0.001,len=5,acc=0.7777777777777778,idx=[ 1 12  0  7  6  9  3 11  5  2  4 10  8],w=[0.99998135 1.         0.99987092 0.99989061 0.99985223 0.99987773
 0.99991626 0.99994019 0.99967624 0.99989953 0.99983147 0.99988779
 0.99999626],subset=[0. 1. 1. 0. 0. 0. 0. 0. 1. 0. 0. 1. 1.], data_name=heart
T=0,flag=1,k=9,r=5,lamada=0.001,equalvalue=0.001,len=5,acc=0.8148148148148148,idx=[12  1  7  0  6 11  9  3  2  5  4 10  8],w=[0.99994362 0.999989   0.99986411 0.99986823 0.99984104 0.99986306
 0.99988831 0.99995273 0.99963573 0.99987401 0.99982132 0.99987847
 1.        ],subset=[0. 1. 1. 0. 0. 0. 0. 0. 0. 0. 1. 1. 1.], data_name=heart
T=25,flag=1,k=1,r=5,lamada=0.001,equalvalue=0.0001,len=5,acc=0.6666666666666666,idx=[ 0  6  1  7  2  5  3  9  4  8 11 10 12],w=[1.         0.99686039 0.99613607 0.9955286  0.99395301 0.99582874
 0.99776569 0.9962143  0.99382849 0.99455018 0.99348003 0.99365941
 0.99076297],subset=[1. 1. 0. 0. 0. 0. 1. 1. 0. 1. 0. 0. 0.], data_name=heart
T=5,flag=1,k=3,r=5,lamada=0.001,equalvalue=0.0001,len=6,acc=0.6851851851851852,idx=[ 1  3  0  8  7  6  5 10  4  2 12 11  9],w=[0.99908587 1.         0.99744276 0.99912435 0.99788918 0.99821878
 0.99823995 0.9985531  0.99894804 0.99668943 0.99808571 0.99693776
 0.99736096],subset=[0. 1. 1. 0. 0. 1. 1. 0. 1. 0. 0. 0. 1.], data_name=heart
T=14,flag=1,k=5,r=5,lamada=0.001,equalvalue=0.0001,len=7,acc=0.7777777777777778,idx=[ 1  3  8  2 10 11  0  4  5  7  9 12  6],w=[0.99855121 1.         0.9990719  0.99990897 0.99852557 0.99851474
 0.99701454 0.99823651 0.9994851  0.99821236 0.99907043 0.99896018
 0.99767717],subset=[0. 1. 1. 1. 0. 0. 0. 0. 1. 0. 1. 1. 1.], data_name=heart
T=14,flag=1,k=7,r=5,lamada=0.001,equalvalue=0.0001,len=5,acc=0.7777777777777778,idx=[ 1  3  0  2 11 10  7  8  5  9 12  4  6],w=[0.99934716 1.         0.99929556 0.99953381 0.99837936 0.99846809
 0.99764379 0.99910165 0.99907903 0.99845369 0.99924853 0.99927078
 0.99844256],subset=[0. 1. 1. 0. 0. 0. 0. 0. 1. 0. 0. 1. 1.], data_name=heart
T=20,flag=1,k=9,r=5,lamada=0.001,equalvalue=0.0001,len=5,acc=0.8148148148148148,idx=[ 1  2 11  6 10 12  3  7  0  9  5  4  8],w=[0.99888941 1.         0.99987358 0.99922779 0.99825059 0.99851854
 0.99940748 0.9988918  0.99820985 0.99866769 0.99938461 0.99945463
 0.99931532],subset=[0. 1. 1. 0. 0. 0. 0. 0. 0. 0. 1. 1. 1.], data_name=heart
T=476,flag=1,k=1,r=5,lamada=0.001,equalvalue=1e-05,len=5,acc=0.6666666666666666,idx=[ 0  7  1  6  9 11  4  5 10  2  3 12  8],w=[1.         0.98040576 0.9480206  0.92482329 0.95719503 0.95601916
 0.97451682 0.99449734 0.92194877 0.96903623 0.94961685 0.96159221
 0.92268338],subset=[1. 1. 0. 0. 0. 0. 1. 1. 0. 1. 0. 0. 0.], data_name=heart
T=69,flag=1,k=3,r=5,lamada=0.001,equalvalue=1e-05,len=6,acc=0.6851851851851852,idx=[ 1  2  0 10  3  7  4  9  6  8 12 11  5],w=[0.99805318 1.         0.99879453 0.99485187 0.99400505 0.98880531
 0.99334357 0.99473231 0.99259382 0.99387026 0.99489349 0.9918231
 0.99186955],subset=[0. 1. 1. 0. 0. 1. 1. 0. 1. 0. 0. 0. 1.], data_name=heart
T=1079,flag=0,k=5,r=5,lamada=0.001,equalvalue=1e-05,len=7,acc=0.7777777777777778,idx=[ 1  8  3  2 12 10  0  9  7  6  5 11  4],w=[0.9581178  1.         0.97485667 0.9756535  0.92607307 0.93913046
 0.94219226 0.94825502 0.98044311 0.94994347 0.9598966  0.93359004
 0.96485339],subset=[0. 1. 1. 1. 0. 0. 0. 0. 1. 0. 1. 1. 1.], data_name=heart
T=1079,flag=0,k=7,r=5,lamada=0.001,equalvalue=1e-05,len=5,acc=0.7777777777777778,idx=[ 1 12  8  2  9  0  6  7 10 11  3  5  4],w=[0.97232002 1.         0.98436803 0.95910035 0.9298469  0.93231946
 0.96500991 0.96325163 0.9903449  0.97492718 0.96323301 0.96239045
 0.99940609],subset=[0. 1. 1. 0. 0. 0. 0. 0. 1. 0. 0. 1. 1.], data_name=heart
T=1079,flag=0,k=9,r=5,lamada=0.001,equalvalue=1e-05,len=5,acc=0.8148148148148148,idx=[12  1  9 10  2 11  7  8  3  0  6  4  5],w=[0.93928089 0.98960811 0.96134907 0.94158449 0.92404158 0.91154204
 0.92996198 0.95608561 0.94383934 0.96391054 0.9625392  0.96098237
 1.        ],subset=[0. 1. 1. 0. 0. 0. 0. 0. 0. 0. 1. 1. 1.], data_name=heart
