T=0,flag=1,k=1,r=5,lamada=0.001,equalvalue=0.001,len=6,acc=0.7296296296296296,idx=[ 6  3 11  0  7  4 10  8  5  1  9 12  2],w=[0.99967732 0.99965116 0.99950203 0.99974948 0.99965418 0.99965116
 1.         0.9996542  0.99965116 0.9996248  0.99965116 0.99974863
 0.99953697],subset=[1. 1. 0. 0. 0. 0. 1. 1. 0. 0. 0. 1. 1.], data_name=heart
T=0,flag=1,k=3,r=5,lamada=0.001,equalvalue=0.001,len=7,acc=0.7814814814814814,idx=[ 5  1  6  3 12  4  8 11  0  9  7  2 10],w=[0.99977972 0.99991218 0.99970266 0.99987946 0.9998009  1.
 0.99991194 0.99972977 0.99979565 0.99976178 0.99969218 0.99978469
 0.99980835],subset=[0. 1. 1. 0. 0. 1. 0. 0. 1. 0. 1. 1. 1.], data_name=heart
T=0,flag=1,k=5,r=5,lamada=0.001,equalvalue=0.001,len=6,acc=0.8037037037037036,idx=[ 8 12  1  3  4 11  9  6  5  0  7 10  2],w=[0.99985536 0.99993338 0.99977244 0.99988653 0.99988108 0.99985994
 0.99986968 0.9998336  1.         0.99987297 0.99979912 0.99987311
 0.999935  ],subset=[0. 1. 1. 0. 0. 1. 0. 0. 1. 0. 0. 1. 1.], data_name=heart
T=0,flag=1,k=7,r=5,lamada=0.001,equalvalue=0.001,len=6,acc=0.7962962962962963,idx=[ 8 12  1 11  3  4  5  0  7 10  6  9  2],w=[0.9998561  0.99990925 0.9997935  0.99987517 0.99987104 0.9998568
 0.99981849 0.99984356 1.         0.99979706 0.99983923 0.99987717
 0.99995727],subset=[0. 1. 0. 0. 0. 1. 1. 0. 1. 0. 0. 1. 1.], data_name=heart
T=0,flag=1,k=9,r=5,lamada=0.001,equalvalue=0.001,len=6,acc=0.8111111111111111,idx=[ 8 12  5  1 11  4 10  7  0  6  2  9  3],w=[0.99983916 0.99989421 0.99980296 0.99979613 0.99986469 0.99990632
 0.99982362 0.99984145 1.         0.99980272 0.99985926 0.99987673
 0.99993333],subset=[0. 1. 1. 0. 0. 0. 1. 0. 1. 0. 0. 1. 1.], data_name=heart
T=19,flag=1,k=1,r=5,lamada=0.001,equalvalue=0.0001,len=6,acc=0.7296296296296296,idx=[ 0  9  7  6  1  4  5 11  3  8  2 12 10],w=[1.         0.99794141 0.99633425 0.99709804 0.99790286 0.99776361
 0.9981118  0.99877979 0.99654569 0.9988031  0.99544069 0.99737114
 0.99586697],subset=[1. 1. 0. 0. 0. 0. 1. 1. 0. 0. 0. 1. 1.], data_name=heart
T=10,flag=1,k=3,r=5,lamada=0.001,equalvalue=0.0001,len=7,acc=0.7814814814814814,idx=[11 10  9  0  7  4  5  6  1  3  8  2 12],w=[0.99944586 0.9986097  0.99802455 0.99850816 0.9993976  0.99894026
 0.9988978  0.9994296  0.9981479  0.99947958 0.99980842 1.
 0.99731111],subset=[0. 1. 1. 0. 0. 1. 0. 0. 1. 0. 1. 1. 1.], data_name=heart
T=15,flag=1,k=5,r=5,lamada=0.001,equalvalue=0.0001,len=8,acc=0.7518518518518518,idx=[ 7  9  0  6  4  1  3 10  5 11  8  2 12],w=[0.9992227  0.99873498 0.99744285 0.99852285 0.99905574 0.99838427
 0.99907153 1.         0.99809474 0.99939702 0.99848009 0.99811049
 0.99676678],subset=[0. 1. 1. 1. 0. 1. 0. 1. 1. 0. 0. 1. 1.], data_name=heart
T=7,flag=1,k=7,r=5,lamada=0.001,equalvalue=0.0001,len=6,acc=0.7962962962962963,idx=[ 1 11  4  7  9  5 10 12  3  8  0  2  6],w=[0.99895817 1.         0.99886289 0.99916637 0.99990731 0.99938122
 0.99878736 0.99972669 0.99915269 0.9996851  0.99931193 0.99998723
 0.99919204],subset=[0. 1. 0. 0. 0. 1. 1. 0. 1. 0. 0. 1. 1.], data_name=heart
T=45,flag=1,k=9,r=5,lamada=0.001,equalvalue=0.0001,len=6,acc=0.8111111111111111,idx=[ 1  5  0  9  6 11  7 12  2  4  3 10  8],w=[0.99907546 1.         0.99687985 0.99679212 0.99682646 0.99938571
 0.9982674  0.99797681 0.9949379  0.99838675 0.99630746 0.99799439
 0.9978741 ],subset=[0. 1. 1. 0. 0. 0. 1. 0. 1. 0. 0. 1. 1.], data_name=heart
T=817,flag=1,k=1,r=5,lamada=0.001,equalvalue=1e-05,len=6,acc=0.7296296296296296,idx=[ 0  7 11  1  5  4 12  9  2  3  6 10  8],w=[1.         0.97925609 0.94292695 0.93076025 0.95931802 0.96064637
 0.92485294 0.9998263  0.88883885 0.94912606 0.91830142 0.98528903
 0.95111741],subset=[1. 1. 0. 0. 0. 0. 1. 1. 0. 0. 0. 1. 1.], data_name=heart
T=137,flag=1,k=3,r=5,lamada=0.001,equalvalue=1e-05,len=9,acc=0.7555555555555558,idx=[ 0  1  3  9  5 11 10  6 12  4  8  2  7],w=[1.         0.99859863 0.98806552 0.99376516 0.99099177 0.99304585
 0.99256817 0.98748577 0.9905907  0.99376132 0.99265726 0.99274609
 0.99164624],subset=[1. 1. 1. 0. 0. 1. 1. 0. 1. 0. 1. 1. 1.], data_name=heart
T=17,flag=1,k=5,r=5,lamada=0.001,equalvalue=1e-05,len=8,acc=0.7518518518518518,idx=[ 7  9  3  0  4  1  6  5  8 10 11  2 12],w=[0.99937534 0.99875415 0.99784629 0.9994255  0.99908312 0.99840344
 0.99841173 1.         0.99816238 0.9994327  0.99814351 0.99813152
 0.99579703],subset=[0. 1. 1. 1. 0. 1. 0. 1. 1. 0. 0. 1. 1.], data_name=heart
T=188,flag=1,k=7,r=5,lamada=0.001,equalvalue=1e-05,len=6,acc=0.7962962962962963,idx=[ 5  1 11  9 12  3  0 10  7  4  8  2  6],w=[0.99347908 0.99950534 0.98548573 0.99360398 0.99038326 1.
 0.98363076 0.99151829 0.98966853 0.99683152 0.99155776 0.99703593
 0.99466209],subset=[0. 1. 0. 0. 0. 1. 1. 0. 1. 0. 0. 1. 1.], data_name=heart
T=45,flag=1,k=9,r=5,lamada=0.001,equalvalue=1e-05,len=6,acc=0.8111111111111111,idx=[ 1  5  0  9  6 11  7 12  2  4  3 10  8],w=[0.99907546 1.         0.99687985 0.99679212 0.99682646 0.99938571
 0.9982674  0.99797681 0.9949379  0.99838675 0.99630746 0.99799439
 0.9978741 ],subset=[0. 1. 1. 0. 0. 0. 1. 0. 1. 0. 0. 1. 1.], data_name=heart
